[mt#1588] memory enrichment benchmark
  n=50, taskId=mt#1012
  warm-up: 3 discarded samples per condition

[mt#1588] sanity check — first search:
  backend=embeddings, degraded=false, results=3

Baseline (opt-in disabled — default):
  n=50
  total: 0.1ms
  mean: 0.00ms
  p50: 0.00ms
  p95: 0.00ms
  p99: 0.01ms
  min: 0.00ms
  max: 0.01ms

Enriched (MINSKY_MCP_MEMORY_ENRICHMENT=1):
  n=50
  total: 40577.1ms
  mean: 811.54ms
  p50: 787.57ms
  p95: 1109.39ms
  p99: 1904.45ms
  min: 574.91ms
  max: 1904.45ms

Overhead (enriched - baseline):
  p50: +787.56ms
  p95: +1109.39ms

---JSON---
{
  "n": 50,
  "taskId": "mt#1012",
  "baseline": {
    "n": 50,
    "totalMs": 0.06824999999935244,
    "meanMs": 0.0013649999999870489,
    "p50Ms": 0.0012500000002546585,
    "p95Ms": 0.003624999999829015,
    "p99Ms": 0.005000000000109139,
    "minMs": 0.0005830000000059954,
    "maxMs": 0.005000000000109139
  },
  "enriched": {
    "n": 50,
    "totalMs": 40577.050497,
    "meanMs": 811.54100994,
    "p50Ms": 787.5660829999979,
    "p95Ms": 1109.3911249999983,
    "p99Ms": 1904.4503749999985,
    "minMs": 574.9118339999986,
    "maxMs": 1904.4503749999985
  },
  "overhead": {
    "p50Ms": 787.5648329999976,
    "p95Ms": 1109.3874999999985
  },
  "memorySanity": {
    "backend": "embeddings",
    "degraded": false,
    "resultCount": 3
  },
  "timestamp": "2026-05-08T00:54:24.875Z"
}
